11,8
145,4
145,3
145,1
26,3
26,1
20,3
20,2
20,1
19,3
19,2
19,1
12,3
12,2
12,1
11,30
11,29
11,28
11,27
11,26
11,25
11,24
11,23
11,22
11,21
11,20
11,19
11,18
11,17
11,16
11,15
11,14
11,13
11,12
11,11
11,9
11,7
18,1
11,6
11,5
11,4
11,3
18,3
14,1
11,2
11,1
9,7
9,6
9,5
9,4
9,3
14,3
13,1
9,2
9,1
8,18
8,17
8,16
8,15
8,14
8,13
8,12
8,11
8,10
8,9
8,8
8,7
13,3
8,6
8,5
8,3
8,2
8,1
3,3
3,2
3,1
2,3
2,2
2,1
0,0
166,34
166,33
166,32
166,31
166,30
166,29
166,28
166,27
166,26
166,25
166,24
166,23
166,22
166,21
166,20
166,19
166,18
166,17
166,16
166,15
166,14
166,13
166,12
